0.5023091435432434
0.3927474617958069
0.329059362411499
0.48052555322647095
0.2720697522163391
0.3181341290473938
0.1971459984779358
0.2613537907600403
0.22853273153305054
0.3376868963241577
0.3139660954475403
0.3410240411758423
0.5200281143188477
0.3421210050582886
0.34755098819732666
0.2866619825363159
0.344391405582428
0.2852076292037964
0.40618908405303955
0.24855804443359375
0.25374650955200195
0.2891503572463989
0.31631898880004883
0.317687451839447
0.4585111737251282
0.31731027364730835
0.2536391615867615
0.17300927639007568
0.35798823833465576
0.33297932147979736
0.32683849334716797
0.4195002317428589
0.25956887006759644
0.3096988797187805
0.4581252336502075
0.13027507066726685
0.3230851888656616
0.3788577914237976
0.3551928997039795
0.3871627449989319
0.3345463275909424
0.2016054391860962
0.3720046281814575
0.2913054823875427
0.27458709478378296
0.1808965802192688
0.34562361240386963
0.2714564800262451
0.3938882350921631
0.4461739659309387
0.3018608093261719
0.38492387533187866
0.40029579401016235
0.3095657229423523
0.4106940031051636
0.37578046321868896
0.15758579969406128
0.26142096519470215
0.2177218794822693
0.32087594270706177
0.4063207507133484
0.3548526167869568
0.5431905388832092
0.22515153884887695
0.24062758684158325
0.3606983423233032
0.22865861654281616
0.4511876106262207
0.3527665138244629
0.3115426301956177
0.39160436391830444
0.274605393409729
0.29989248514175415
0.42999696731567383
0.4308629035949707
0.2828671336174011
0.38951510190963745
0.24769020080566406
0.32236534357070923
0.5919111967086792
