0.3399660587310791
0.39862149953842163
0.4515798091888428
0.4981946349143982
0.292852520942688
0.2592849135398865
0.2690845727920532
0.3281920552253723
0.41297364234924316
0.4619097113609314
0.515711784362793
0.3331853151321411
0.29573380947113037
0.32252275943756104
0.3093961477279663
0.39429640769958496
0.4506039619445801
0.5101460218429565
0.31097114086151123
0.28688693046569824
0.2887924909591675
0.3132426142692566
0.37812358140945435
0.43679630756378174
0.48862719535827637
0.279928982257843
0.24796879291534424
0.23734378814697266
0.32630282640457153
0.4167916178703308
0.4550127387046814
0.5198183059692383
0.3654085397720337
0.3144769072532654
0.37770068645477295
0.2846619486808777
0.34996265172958374
0.4177541136741638
0.4886549115180969
0.25984692573547363
0.2653719186782837
0.17319589853286743
0.3259006142616272
0.4025235176086426
0.44004708528518677
0.4961157441139221
0.32106906175613403
0.2715938091278076
0.2992991805076599
0.30348193645477295
0.36750704050064087
0.4026355743408203
0.4773576855659485
0.2643657326698303
0.254024863243103
0.22056317329406738
0.32249802350997925
0.39175426959991455
0.4244641065597534
0.4808593988418579
0.303932249546051
0.25654321908950806
0.2762644290924072
0.29751551151275635
0.37016648054122925
0.41515350341796875
0.4733045697212219
0.27788376808166504
0.2410900592803955
0.23311138153076172
